1,1,vip,9000
2,2,vip,8800
3,3,regular,1200
4,4,regular,1800
5,5,vip,7600
6,6,regular,1400
7,7,regular,1700
8,8,vip,8900
9,9,regular,1600
10,10,vip,6800
11,11,regular,1100
12,12,regular,1300
13,13,vip,8200
14,14,regular,1900
15,15,vip,9000
16,16,regular,1500
17,17,regular,1700
18,18,vip,6600
19,19,regular,1800
20,20,vip,8700
21,21,regular,1400
22,5,card,1234567812345678,12/27,123,4000
23,8,card,8765432187654321,05/26,456,6000
24,10,card,1111222233334444,11/28,789,3000
25,15,card,4444333322221111,08/25,321,5000
26,20,card,5555666677778888,03/29,654,7000
